DSSP: 0.0, 17.0
Energy: -82954.484375, -77646.609375
SASA: 21.609, 35.572
Gyrate: 0.766991, 1.1464
RMSF: 0.0979, 0.947