DSSP: 0.0, 20.0
Energy: -90359.09375, -77564.890625
SASA: 21.602, 35.572
Gyrate: 0.755995, 1.1464
RMSF: 0.0979, 0.947